
paramgroups=klstat, airpress, temperature, prec, visual, wave, synop, priority, wind, plu, all

[all]
parameters=1, 281, 2, 3, 305, 306, 307, 308, 22, 4, 23, 24, 62, 61, 63, 6, 64, 69, 70, 71, 72, 65, 66, 67, 7, 101, 102, 103, 82, 81, 84, 92, 90, 83, 91, 94, 85, 89, 87, 86, 88, 93, 54, 55, 56, 57, 301, 302, 303, 304, 131, 132, 133, 134, 9, 12, 13, 10, 1025, 1026, 1022, 1021, 403, 401, 402, 404, 14, 15, 25, 26, 27, 28, 121, 122, 171, 172, 173, 174, 175, 176, 177, 178, 151, 152, 153, 154, 191, 192, 193, 194, 195, 196, 197, 198, 199, 200, 201, 202, 104, 118, 105, 109, 125, 106, 126, 110, 119, 107, 108, 120, 117, 17, 123, 124, 115, 116, 111, 112, 18, 19, 20, 1000, 113, 114, 211, 247, 212, 214, 251, 213, 248, 216, 252, 215, 249, 217, 218, 219, 220, 1001, 221, 222, 224, 223, 225, 226, 227, 228, 229, 230, 231, 232, 233, 234, 235, 236, 237, 238, 239, 240, 241, 242, 243, 244, 245, 246, 261, 263, 264, 262, 265, 31, 32, 33, 34, 35, 36, 37, 38, 39, 40, 271, 272, 273, 275, 274, 42, 43, 47, 48, 49, 68, 137, 136, 135, 138, 155, 156, 157, 158, 159, 160, 41, 1039, 1040, 1041, 1042, 44, 45, 46, 11, 21
label=Alt

[airpress]
parameters=61, 81, 87, 90, 88, 91, 89, 92, 64, 85, 67, 86, 63, 83, 178, 173, 1, 177, 211, 175, 176, 174, 172
label=Lufttrykk

[temperature]
parameters=211, 214, 216, 251, 252, 213, 215, 224, 242, 15, 14, 55, 41, 42, 43, 273, 262, 106, 212, 221, 222, 223, 225, 217, 264, 265, 263, 244, 245, 243, 217, 121, 122
label=Temperatur

[prec]
parameters=105, 104, 123, 106, 108, 109, 110, 1021, 1022, 112, 18, 7, 41, 42, 43, 31, 32, 33, 34, 36, 38, 40, 35, 37, 39, 44, 45, 46, 262, 217, 211, 15, 55, 14, 23, 24, 22, 273, 121, 122
label=Nedb\xf8r og sn\xf8\x66orhold

[visual]
parameters=15, 55, 14, 23, 24, 22, 41, 42, 43, 44, 45, 46, 31, 32, 33, 34, 36, 38, 40, 35, 37, 39, 273, 211, 214, 216, 262, 108, 109, 110, 105, 106, 123, 124, 117, 122
label=Visuell

[wave]
parameters=211, 242, 217, 262, 173, 178, 177, 1, 61, 81, 86, 83, 87, 90, 15, 14, 55, 273, 41, 42, 43, 49, 47, 48, 23, 24, 22, 131, 132, 133, 134, 151, 152, 153, 154, 65, 66, 21, 11, 401, 402, 403, 404, 9, 10
label=Maritime parametere

[synop]
parameters=211, 214, 216, 213, 215, 262, 217, 242, 178, 1, 177, 61, 81, 86, 83, 19, 15, 14, 55, 106, 108, 109, 110, 112, 18, 7, 273, 41, 42, 43, 23, 24, 22, 403, 404, 131, 134, 151, 154
label=Synop

[klstat]
parameters=211, 213, 215, 214, 216, 253, 242, 217, 262, 266, 173, 178, 61, 81, 86, 87, 90, 15, 16, 14, 55, 273, 41, 42, 43, 31, 32, 33, 34, 36, 38, 40, 104, 109, 110, 112, 18, 7
label=Daglig rutine

[priority]
parameters=211, 213, 215, 214, 216, 109, 110, 112, 7, 18, 15, 262, 173, 178, 41, 31, 32, 33, 42, 43, 34, 36, 38, 40, 42, 43, 15, 273, 55, 242, 217
label=Prioriterte parametere

[wind]
parameters=61, 81, 86, 88
label=Vind

[plu]
parameters=105, 106, 109, 110, 104, 211
label=Pluviometerkontroll
