1 0 0 9
2 0 0 9
3 0 0 60
4 0 0 9
6 0 0 9
7 0 -1 9
8 0 0 90
9 0 1 4
10 0 1 7
12 0 0 9
13 0 0 9
14 0 0 9
15 0 0 9
16 0 0 9
17 0 0 9
18 0 -1 9
19 0 0 9
20 0 -1 9
21 0 0 9
22 0 0 9
23 0 0 9
24 0 0 9
25 0 0 9
26 0 0 9
27 0 0 9
28 0 0 9
31 0 1 29
32 0 1 29
33 0 1 29
34 0 1 29
35 0 0 2
36 0 1 29
37 0 0 2
38 0 1 29
39 0 0 2
40 0 1 29
41 0 0 99
42 0 0 9
43 0 0 9
44 0 0 9
45 0 0 9
46 0 0 9
54 0 -1 9
55 0 -3 2500
57 0 0 5000
61 0 -3 360
62 0 0 360
63 0 0 360
64 0 0 360
65 0 0 360
66 0 0 360
67 0 0 360
68 0 0 360
81 0 0 98
82 0 0 26
83 0 0 131
84 0 0 131
85 0 0 92
86 0 0 93
87 0 0 93
90 0 0 93
101 0 0 10
104 0 0 615
105 0 -6 5
106 0 -1 50
107 0 -1 75
108 0 -1 100
109 0 -1 120
110 0 -1 150
111 0 0 5
112 0 -3 1000
113 0 0 5
114 0 0 5
117 0 -1 10000
121 0 0 60
122 0 0 1440
123 0 0 60
124 0 0 1440
125 0 0 60
126 0 0 60
131 0 0 50
132 0 -0.1 40
133 0 -0.1 40
134 0 -0.1 40
151 0 0 60
152 0 0 60
153 0 0 60
154 0 0 60
171 0 800 1100
172 0 899 1063
173 0 800 1100
174 0 800 1100
175 0 800 1100
176 0 800 1100
177 0 -25 16
178 0 851 1069
197 0 -100 4500
198 0 -10 500
199 0 -10 500
200 0 -10 1600
201 0 -10 1600
202 0 -10 1600
211 0 -55 50
212 0 -53 45
213 0 -55 50
214 0 -59 49
215 0 -55 50
216 0 -52 47
217 0 -55 50
221 0 -56 56
222 0 -56 56
223 0 -56 56
224 0 -56 56
225 0 -56 56
227 100 -55 50
227 10 -13 29
227 20 -55 50
227 50 -55 50
228 0 -55 50
229 0 -55 50
234 0 -55 40
242 0 -2 30
243 0 -2 30
246 0 -55 50
253 0 -55 50
261 0 0 130
262 0 0 104
263 0 0 104
264 0 0 104
265 0 0 104
273 0 0 75001
301 0 0 89
302 0 0 89
303 0 0 89
304 0 0 89
305 0 0 9
306 0 0 9
307 0 0 9
308 0 0 9
401 0 -90 90
402 0 -180 180
403 0 0 360
404 0 0 50
